product_id_x,order_count_x,product_name,aisle_id_x,department_id_x,cart_order,Water,Energy,Protein,Total lipid (fat),"Carbohydrate, by difference",rank_file1,product_id_y,order_count_y,reorder_count,aisle_id_y,department_id_y,rank_file2,rank_difference,abs_rank_difference
24852,79731,Banana,24,4,4.21,78.3,357.0,0.73,0.22,20.1,1,24852,491291,415166,24,4,1,0,0
13176,78146,Bag of Organic Bananas,24,4,4.19,78.3,357.0,0.73,0.22,20.1,2,13176,394930,329275,24,4,2,0,0
21137,41181,Organic Strawberries,24,4,5.63,90.8,,0.641,0.22,7.96,3,21137,275577,214448,24,4,3,0,0
21903,37343,Organic Baby Spinach,123,4,5.38,92.5,,2.85,0.619,2.41,4,21903,251705,194939,123,4,4,0,0
47209,35093,Organic Hass Avocado,24,4,5.52,,,,,,5,47209,220877,176173,24,4,5,0,0
27845,24926,Organic Whole Milk,84,16,4.44,72.9,157.0,7.81,11.0,6.86,6,27845,142813,118684,84,16,10,-4,-4
16797,23101,Strawberries,24,4,4.82,90.8,,0.641,0.22,7.96,7,16797,149445,104588,24,4,8,-1,-1
27966,22911,Organic Raspberries,123,4,5.69,85.6,,1.01,0.188,12.9,8,27966,142603,109688,123,4,11,-3,-3
47766,22590,Organic Avocado,24,4,5.14,,,,,,9,47766,184224,140270,24,4,6,3,3
47626,17855,Large Lemon,24,4,5.95,86.3,55.0,10.7,0.0,2.36,10,47626,160792,112178,24,4,7,3,3
49235,16413,Organic Half & Half,53,16,4.51,,,,,,11,49235,79006,61801,53,16,26,-15,-15
26209,15301,Limes,24,4,6.0,,,,,,12,26209,146660,100002,24,4,9,3,3
28204,15236,Organic Fuji Apple,24,4,5.25,83.6,,0.148,0.162,15.7,13,28204,92889,66237,24,4,17,-4,-4
8277,14431,Apple Honeycrisp Organic,24,4,5.34,85.0,,0.102,0.1,14.7,14,8277,87272,64134,24,4,20,-6,-6
39275,14228,Organic Blueberries,123,4,5.11,84.2,,0.703,0.306,14.6,15,39275,105026,66306,123,4,15,0,0
19660,14181,Spring Water,115,7,3.17,79.0,376.0,19.0,0.94,0.08,16,19660,58312,47392,115,7,49,-33,-33
196,14075,Soda,77,7,2.58,,,,,,17,196,37298,29012,77,7,90,-73,-73
44632,13697,Sparkling Water Grapefruit,115,7,4.77,90.9,37.0,0.55,0.7,7.59,18,44632,79245,61175,115,7,25,-7,-7
19057,13539,Organic Large Extra Fancy Fuji Apple,24,4,5.78,83.6,,0.148,0.162,15.7,19,19057,78056,59489,24,4,27,-8,-8
45007,13250,Organic Zucchini,83,4,6.57,,,,,,20,45007,109412,75431,83,4,14,6,6
22935,13187,Organic Yellow Onion,83,4,6.17,90.1,160.0,0.83,0.05,8.61,21,22935,117716,82166,83,4,12,9,9
43352,12909,Raspberries,32,4,3.77,85.6,,1.01,0.188,12.9,22,43352,60919,41835,32,4,46,-24,-24
12341,12891,Hass Avocados,32,4,3.54,,,,,,23,12341,52497,39138,32,4,57,-34,-34
4920,12720,Seedless Red Grapes,123,4,5.9,78.2,,0.914,0.164,20.2,24,4920,86748,58046,123,4,21,3,3
37646,12530,Organic Gala Apples,24,4,5.62,84.6,,0.133,0.15,14.8,25,37646,75655,55506,24,4,30,-5,-5
27086,12419,Half & Half,53,16,4.85,,,,,,27,27086,71641,54626,53,16,35,-8,-8
45066,12094,Honeycrisp Apple,24,4,5.42,85.0,,0.102,0.1,14.7,28,45066,83320,60473,24,4,23,5,5
49683,12055,Cucumber Kirby,83,4,5.67,95.9,,0.625,0.178,2.95,29,49683,99728,69022,83,4,16,13,13
42265,11810,Organic Baby Carrots,123,4,6.32,89.3,,0.805,0.138,9.08,30,42265,80493,52951,123,4,24,6,6
24964,11289,Organic Garlic,83,4,6.12,63.1,597.0,6.62,0.38,28.2,31,24964,113936,77704,83,4,13,18,18
5876,11206,Organic Lemon,24,4,6.07,,,,,,32,5876,91251,63046,24,4,18,14,14
30391,10547,Organic Cucumber,83,4,6.42,95.9,,0.625,0.178,2.95,33,30391,85005,59058,83,4,22,11,11
30489,10228,Original Hummus,67,20,6.33,58.7,229.0,7.35,17.1,14.9,34,30489,74172,53910,67,20,33,1,1
22035,9986,Organic Whole String Cheese,21,16,6.6,72.9,157.0,7.81,11.0,6.86,35,22035,61669,47204,21,16,44,-9,-9
35951,9908,Organic Unsweetened Almond Milk,91,16,5.1,96.5,,0.656,1.56,0.671,36,35951,60071,45558,91,16,47,-11,-11
39877,9615,Organic Granny Smith Apple,24,4,5.53,85.1,,0.266,0.138,14.1,37,39877,61116,43291,24,4,45,-8,-8
40706,9198,Organic Grape Tomatoes,123,4,6.91,92.5,113.0,0.83,0.63,5.51,38,40706,88078,57957,123,4,19,19,19
5785,9178,Organic Reduced Fat 2% Milk,84,16,4.72,89.1,50.0,3.36,1.9,4.9,39,5785,49374,39820,84,16,64,-25,-25
5077,8900,100% Whole Wheat Bread,112,3,5.71,38.7,1060.0,12.3,3.55,43.1,40,5077,63114,46586,112,3,42,-2,-2
21616,8730,Organic Baby Arugula,123,4,6.0,92.5,,2.85,0.619,2.41,41,21616,75752,51869,123,4,29,12,12
41950,8582,Organic Tomato Cluster,83,4,6.26,94.7,,0.696,0.425,3.84,42,41950,66827,43983,83,4,40,2,2
26604,8455,Organic Blackberries,24,4,5.76,,,,,,43,26604,64589,42138,24,4,41,2,2
28985,8252,Michigan Organic Kale,83,4,5.59,89.6,35.0,2.92,1.49,4.42,44,28985,70076,48785,83,4,39,5,5
35221,8220,Lime Sparkling Water,115,7,5.03,79.0,376.0,19.0,0.94,0.08,45,35221,48512,36014,115,7,65,-20,-20
24838,8135,Unsweetened Almondmilk,91,16,5.0,96.5,,0.656,1.56,0.671,46,24838,51738,38958,91,16,62,-16,-16
17794,8125,Carrots,83,4,6.03,89.3,,0.805,0.138,9.08,47,17794,75233,48215,83,4,31,16,16
27104,8107,Fresh Cauliflower,83,4,6.54,,,,,,48,27104,74235,47788,83,4,32,16,16
33198,8023,Sparkling Natural Mineral Water,115,7,4.14,79.0,376.0,19.0,0.94,0.08,49,33198,44737,32848,115,7,70,-21,-21
44359,7942,Organic Small Bunch Celery,83,4,6.51,95.2,,0.492,0.162,3.32,50,44359,70714,44621,83,4,38,12,12
46979,7686,Asparagus,83,4,6.2,,,,,,51,46979,71151,44042,83,4,36,15,15
39928,7528,Organic Kiwi,24,4,6.51,,,,,,52,39928,52021,37156,24,4,61,-9,-9
3957,7420,100% Raw Coconut Water,31,7,4.71,84.2,,0.703,0.306,14.6,53,3957,39271,30966,31,7,83,-30,-30
22825,7298,Organic D'Anjou Pears,24,4,6.51,84.1,57.0,0.38,0.16,15.1,54,22825,50808,35088,24,4,63,-9,-9
38689,7226,Organic Reduced Fat Milk,84,16,4.25,89.1,50.0,3.36,1.9,4.9,55,38689,36869,31394,84,16,93,-38,-38
9076,6869,Blueberries,116,1,5.39,84.2,,0.703,0.306,14.6,56,9076,58269,33999,116,1,50,6,6
4210,6616,Whole Milk,84,16,3.78,72.9,157.0,7.81,11.0,6.86,57,4210,36968,28837,84,16,92,-35,-35
9387,6574,Granny Smith Apples,24,4,5.08,85.1,,0.266,0.138,14.1,58,9387,37566,24478,24,4,88,-30,-30
31717,6508,Organic Cilantro,16,4,6.27,,,,,,59,31717,73050,45411,16,4,34,25,25
43122,6468,Organic Bartlett Pear,24,4,6.86,84.1,57.0,0.38,0.16,15.1,60,43122,38686,27378,24,4,84,-24,-24
48679,6373,Organic Garnet Sweet Potato (Yam),83,4,6.87,79.5,,1.58,0.375,17.3,61,48679,54507,36087,83,4,55,6,6
43961,6286,Organic Peeled Whole Baby Carrots,123,4,6.83,89.3,,0.805,0.138,9.08,62,43961,57831,36582,123,4,53,9,9
11520,6271,Large Alfresco Eggs,86,16,4.66,86.3,55.0,10.7,0.0,2.36,63,11520,42274,32821,86,16,75,-12,-12
8518,6266,Organic Red Onion,83,4,6.82,88.6,186.0,0.94,0.1,9.93,64,8518,70804,43757,83,4,37,27,27
10749,6253,Organic Red Bell Pepper,83,4,6.74,91.9,,0.896,0.126,6.65,65,10749,59878,39567,83,4,48,17,17
34969,6144,Red Vine Tomato,83,4,5.88,94.6,76.0,0.84,0.5,3.32,66,34969,56643,36296,83,4,54,12,12
34126,5980,Organic Italian Parsley Bunch,16,4,6.02,50.9,1350.0,18.2,26.2,2.15,68,34126,63021,38644,16,4,43,25,25
23909,5979,2% Reduced Fat Milk,84,16,4.07,89.1,50.0,3.36,1.9,4.9,69,23909,38631,30036,84,16,85,-16,-16
21709,5969,Sparkling Lemon Water,115,7,5.29,79.0,376.0,19.0,0.94,0.08,71,21709,34211,25479,115,7,100,-29,-29
18465,5925,Organic Grade A Free Range Large Brown Eggs,86,16,5.5,86.3,55.0,10.7,0.0,2.36,73,18465,41812,30012,86,16,77,-4,-4
8174,5924,Organic Navel Orange,24,4,6.18,86.7,196.0,0.91,0.15,11.8,74,8174,44701,28620,24,4,71,3,3
46906,5854,Grape White/Green Seedless,24,4,6.13,,,,,,75,46906,40498,27037,24,4,80,-5,-5
41787,5826,Bartlett Pears,24,4,5.68,84.1,57.0,0.38,0.16,15.1,76,41787,36620,23814,24,4,94,-18,-18
47144,5779,Unsweetened Original Almond Breeze Almond Milk,91,16,4.58,96.5,,0.656,1.56,0.671,77,47144,36048,25775,91,16,95,-18,-18
24184,5778,Red Peppers,83,4,6.27,91.9,,0.896,0.126,6.65,78,24184,58185,36773,83,4,51,27,27
21938,5764,Green Bell Pepper,83,4,6.65,94.1,,0.715,0.106,4.78,79,21938,58005,35350,83,4,52,27,27
25890,5708,Boneless Skinless Chicken Breasts,49,12,5.09,74.8,,22.5,1.93,-0.368,80,25890,52369,34796,49,12,58,22,22
46667,5652,Organic Ginger Root,83,4,5.84,,,,,,84,46667,54094,31089,83,4,56,28,28
5450,5571,Small Hass Avocado,24,4,5.95,0.0,,23.5,1.28,,86,5450,52124,35113,24,4,60,26,26
9839,5482,Organic Broccoli,83,4,6.13,90.0,31.0,2.57,0.34,6.27,87,9839,40373,28825,83,4,81,6,6
33000,5414,Pure Irish Butter,36,16,4.58,1.75,,20.8,53.0,21.2,89,33000,35384,23300,36,16,98,-9,-9
27344,5329,Uncured Genoa Salami,96,20,6.62,,,,,,92,27344,43261,28551,96,20,74,18,18
28199,5304,"Clementines, Bag",123,4,6.05,,,,,,93,28199,41303,24970,123,4,78,15,15
7781,5237,Organic Sticks Low Moisture Part Skim Mozzarella String Cheese,21,16,6.45,47.7,298.0,23.7,20.4,4.44,95,7781,35551,26020,21,16,97,-2,-2
27521,5081,Organic Lacinato (Dinosaur) Kale,83,4,6.0,89.6,35.0,2.92,1.49,4.42,99,27521,44828,31248,83,4,69,30,30
